filename, number_of_jobs, number_of_machines, algorithm, use_best_improvement, initial_state, neighbour_function, random_seed, neighbour_vector, execution_time.ms, result
100_20_01, 100, 20, ii, 0, random, t, 990939, tei, 300, 2603173
100_20_01, 100, 20, ii, 0, random, e, 990939, tei, 119235, 1807391
100_20_01, 100, 20, ii, 0, random, i, 990939, tei, 255733, 1846720
100_20_01, 100, 20, ii, 0, rz, t, 990939, tei, 31, 1861380
100_20_01, 100, 20, ii, 0, rz, e, 990939, tei, 6282, 1841685
100_20_01, 100, 20, ii, 0, rz, i, 990939, tei, 12997, 1826045
100_20_01, 100, 20, ii, 1, random, t, 990939, tei, 358, 2617386
100_20_01, 100, 20, ii, 1, random, e, 990939, tei, 27441, 1848523
100_20_01, 100, 20, ii, 1, random, i, 990939, tei, 60940, 1890713
100_20_01, 100, 20, ii, 1, rz, t, 990939, tei, 29, 1861380
100_20_01, 100, 20, ii, 1, rz, e, 990939, tei, 5543, 1845234
100_20_01, 100, 20, ii, 1, rz, i, 990939, tei, 9219, 1841547
100_20_02, 100, 20, ii, 0, random, t, 755265, tei, 586, 2365147
100_20_02, 100, 20, ii, 0, random, e, 755265, tei, 94614, 1821266
100_20_02, 100, 20, ii, 0, random, i, 755265, tei, 257672, 1848920
100_20_02, 100, 20, ii, 0, rz, t, 755265, tei, 25, 1872882
100_20_02, 100, 20, ii, 0, rz, e, 755265, tei, 10093, 1853325
100_20_02, 100, 20, ii, 0, rz, i, 755265, tei, 16798, 1842217
100_20_02, 100, 20, ii, 1, random, t, 755265, tei, 338, 2400424
100_20_02, 100, 20, ii, 1, random, e, 755265, tei, 24167, 1886004
100_20_02, 100, 20, ii, 1, random, i, 755265, tei, 40502, 1898740
100_20_02, 100, 20, ii, 1, rz, t, 755265, tei, 28, 1872882
100_20_02, 100, 20, ii, 1, rz, e, 755265, tei, 5184, 1860042
100_20_02, 100, 20, ii, 1, rz, i, 755265, tei, 13683, 1844177
100_20_03, 100, 20, ii, 0, random, t, 569193, tei, 366, 2359209
100_20_03, 100, 20, ii, 0, random, e, 569193, tei, 119484, 1710604
100_20_03, 100, 20, ii, 0, random, i, 569193, tei, 273782, 1711147
100_20_03, 100, 20, ii, 0, rz, t, 569193, tei, 49, 1754072
100_20_03, 100, 20, ii, 0, rz, e, 569193, tei, 8919, 1717060
100_20_03, 100, 20, ii, 0, rz, i, 569193, tei, 20950, 1723543
100_20_03, 100, 20, ii, 1, random, t, 569193, tei, 355, 2400891
100_20_03, 100, 20, ii, 1, random, e, 569193, tei, 24103, 1724677
100_20_03, 100, 20, ii, 1, random, i, 569193, tei, 63948, 1720150
100_20_03, 100, 20, ii, 1, rz, t, 569193, tei, 40, 1754127
100_20_03, 100, 20, ii, 1, rz, e, 569193, tei, 5848, 1721012
100_20_03, 100, 20, ii, 1, rz, i, 569193, tei, 16382, 1710347
100_20_04, 100, 20, ii, 0, random, t, 608092, tei, 303, 2686946
100_20_04, 100, 20, ii, 0, random, e, 608092, tei, 95077, 1966499
100_20_04, 100, 20, ii, 0, random, i, 608092, tei, 274146, 1995741
100_20_04, 100, 20, ii, 0, rz, t, 608092, tei, 50, 2002693
100_20_04, 100, 20, ii, 0, rz, e, 608092, tei, 4928, 2001101
100_20_04, 100, 20, ii, 0, rz, i, 608092, tei, 17538, 1983979
100_20_04, 100, 20, ii, 1, random, t, 608092, tei, 832, 2675213
100_20_04, 100, 20, ii, 1, random, e, 608092, tei, 32051, 2041599
100_20_04, 100, 20, ii, 1, random, i, 608092, tei, 64202, 2013198
100_20_04, 100, 20, ii, 1, rz, t, 608092, tei, 50, 2008627
100_20_04, 100, 20, ii, 1, rz, e, 608092, tei, 2896, 1998082
100_20_04, 100, 20, ii, 1, rz, i, 608092, tei, 11614, 1995561
100_20_05, 100, 20, ii, 0, random, t, 394631, tei, 330, 2191165
100_20_05, 100, 20, ii, 0, random, e, 394631, tei, 119173, 1569886
100_20_05, 100, 20, ii, 0, random, i, 394631, tei, 329229, 1568400
100_20_05, 100, 20, ii, 0, rz, t, 394631, tei, 42, 1620783
100_20_05, 100, 20, ii, 0, rz, e, 394631, tei, 8615, 1605878
100_20_05, 100, 20, ii, 0, rz, i, 394631, tei, 20984, 1575143
100_20_05, 100, 20, ii, 1, random, t, 394631, tei, 571, 2184921
100_20_05, 100, 20, ii, 1, random, e, 394631, tei, 33980, 1590142
100_20_05, 100, 20, ii, 1, random, i, 394631, tei, 52149, 1578748
100_20_05, 100, 20, ii, 1, rz, t, 394631, tei, 47, 1620783
100_20_05, 100, 20, ii, 1, rz, e, 394631, tei, 8001, 1598541
100_20_05, 100, 20, ii, 1, rz, i, 394631, tei, 16200, 1573492
100_20_06, 100, 20, ii, 0, random, t, 99719, tei, 438, 2254087
100_20_06, 100, 20, ii, 0, random, e, 99719, tei, 110494, 1710461
100_20_06, 100, 20, ii, 0, random, i, 99719, tei, 235120, 1690324
100_20_06, 100, 20, ii, 0, rz, t, 99719, tei, 45, 1726426
100_20_06, 100, 20, ii, 0, rz, e, 99719, tei, 7141, 1712435
100_20_06, 100, 20, ii, 0, rz, i, 99719, tei, 19890, 1701186
100_20_06, 100, 20, ii, 1, random, t, 99719, tei, 512, 2260755
100_20_06, 100, 20, ii, 1, random, e, 99719, tei, 22418, 1744922
100_20_06, 100, 20, ii, 1, random, i, 99719, tei, 61249, 1711644
100_20_06, 100, 20, ii, 1, rz, t, 99719, tei, 57, 1726359
100_20_06, 100, 20, ii, 1, rz, e, 99719, tei, 5942, 1709549
100_20_06, 100, 20, ii, 1, rz, i, 99719, tei, 16774, 1691374
100_20_07, 100, 20, ii, 0, random, t, 311830, tei, 664, 2524079
100_20_07, 100, 20, ii, 0, random, e, 311830, tei, 119325, 1801351
100_20_07, 100, 20, ii, 0, random, i, 311830, tei, 302634, 1809503
100_20_07, 100, 20, ii, 0, rz, t, 311830, tei, 27, 1858047
100_20_07, 100, 20, ii, 0, rz, e, 311830, tei, 11470, 1828253
100_20_07, 100, 20, ii, 0, rz, i, 311830, tei, 16575, 1823774
100_20_07, 100, 20, ii, 1, random, t, 311830, tei, 663, 2519516
100_20_07, 100, 20, ii, 1, random, e, 311830, tei, 27220, 1863666
100_20_07, 100, 20, ii, 1, random, i, 311830, tei, 56411, 1838983
100_20_07, 100, 20, ii, 1, rz, t, 311830, tei, 47, 1855342
100_20_07, 100, 20, ii, 1, rz, e, 311830, tei, 3916, 1841046
100_20_07, 100, 20, ii, 1, rz, i, 311830, tei, 21181, 1803400
100_20_08, 100, 20, ii, 0, random, t, 317267, tei, 696, 2627232
100_20_08, 100, 20, ii, 0, random, e, 317267, tei, 125088, 1788638
100_20_08, 100, 20, ii, 0, random, i, 317267, tei, 279268, 1791178
100_20_08, 100, 20, ii, 0, rz, t, 317267, tei, 37, 1832647
100_20_08, 100, 20, ii, 0, rz, e, 317267, tei, 7320, 1803533
100_20_08, 100, 20, ii, 0, rz, i, 317267, tei, 23031, 1782956
100_20_08, 100, 20, ii, 1, random, t, 317267, tei, 762, 2614175
100_20_08, 100, 20, ii, 1, random, e, 317267, tei, 34391, 1864055
100_20_08, 100, 20, ii, 1, random, i, 317267, tei, 69724, 1826389
100_20_08, 100, 20, ii, 1, rz, t, 317267, tei, 41, 1832773
100_20_08, 100, 20, ii, 1, rz, e, 317267, tei, 7573, 1801845
100_20_08, 100, 20, ii, 1, rz, i, 317267, tei, 10917, 1806087
100_20_09, 100, 20, ii, 0, random, t, 827337, tei, 390, 2530458
100_20_09, 100, 20, ii, 0, random, e, 827337, tei, 128000, 1879071
100_20_09, 100, 20, ii, 0, random, i, 827337, tei, 267852, 1875437
100_20_09, 100, 20, ii, 0, rz, t, 827337, tei, 82, 1942239
100_20_09, 100, 20, ii, 0, rz, e, 827337, tei, 14020, 1894310
100_20_09, 100, 20, ii, 0, rz, i, 827337, tei, 34009, 1878784
100_20_09, 100, 20, ii, 1, random, t, 827337, tei, 507, 2508758
100_20_09, 100, 20, ii, 1, random, e, 827337, tei, 30425, 1953483
100_20_09, 100, 20, ii, 1, random, i, 827337, tei, 70568, 1902142
100_20_09, 100, 20, ii, 1, rz, t, 827337, tei, 106, 1943186
100_20_09, 100, 20, ii, 1, rz, e, 827337, tei, 8632, 1911077
100_20_09, 100, 20, ii, 1, rz, i, 827337, tei, 15324, 1896771
100_20_10, 100, 20, ii, 0, random, t, 933017, tei, 439, 2322564
100_20_10, 100, 20, ii, 0, random, e, 933017, tei, 123234, 1678395
100_20_10, 100, 20, ii, 0, random, i, 933017, tei, 244637, 1700815
100_20_10, 100, 20, ii, 0, rz, t, 933017, tei, 11, 1736909
100_20_10, 100, 20, ii, 0, rz, e, 933017, tei, 3578, 1726517
100_20_10, 100, 20, ii, 0, rz, i, 933017, tei, 16792, 1696334
100_20_10, 100, 20, ii, 1, random, t, 933017, tei, 522, 2328223
100_20_10, 100, 20, ii, 1, random, e, 933017, tei, 25494, 1755106
100_20_10, 100, 20, ii, 1, random, i, 933017, tei, 59121, 1741149
100_20_10, 100, 20, ii, 1, rz, t, 933017, tei, 25, 1736909
100_20_10, 100, 20, ii, 1, rz, e, 933017, tei, 3364, 1723451
100_20_10, 100, 20, ii, 1, rz, i, 933017, tei, 14946, 1703455
100_20_11, 100, 20, ii, 0, random, t, 70352, tei, 604, 2498873
100_20_11, 100, 20, ii, 0, random, e, 70352, tei, 101576, 1838862
100_20_11, 100, 20, ii, 0, random, i, 70352, tei, 262628, 1845855
100_20_11, 100, 20, ii, 0, rz, t, 70352, tei, 34, 1911880
100_20_11, 100, 20, ii, 0, rz, e, 70352, tei, 5038, 1882893
100_20_11, 100, 20, ii, 0, rz, i, 70352, tei, 13210, 1864799
100_20_11, 100, 20, ii, 1, random, t, 70352, tei, 898, 2571606
100_20_11, 100, 20, ii, 1, random, e, 70352, tei, 30524, 1893786
100_20_11, 100, 20, ii, 1, random, i, 70352, tei, 64148, 1893655
100_20_11, 100, 20, ii, 1, rz, t, 70352, tei, 42, 1911880
100_20_11, 100, 20, ii, 1, rz, e, 70352, tei, 4036, 1896240
100_20_11, 100, 20, ii, 1, rz, i, 70352, tei, 12256, 1882134
100_20_12, 100, 20, ii, 0, random, t, 897768, tei, 911, 2457961
100_20_12, 100, 20, ii, 0, random, e, 897768, tei, 185083, 1724693
100_20_12, 100, 20, ii, 0, rz, t, 897768, tei, 96, 1770025
100_20_12, 100, 20, ii, 0, rz, e, 897768, tei, 11752, 1756371
100_20_12, 100, 20, ii, 0, rz, i, 897768, tei, 22082, 1741046
100_20_12, 100, 20, ii, 1, random, t, 897768, tei, 625, 2503306
100_20_12, 100, 20, ii, 1, random, e, 897768, tei, 35471, 1756877
100_20_12, 100, 20, ii, 1, random, i, 897768, tei, 62984, 1755060
100_20_12, 100, 20, ii, 1, rz, t, 897768, tei, 29, 1770025
100_20_12, 100, 20, ii, 1, rz, e, 897768, tei, 4463, 1757000
100_20_12, 100, 20, ii, 1, rz, i, 897768, tei, 18784, 1726634
100_20_13, 100, 20, ii, 0, random, t, 524915, tei, 360, 2389133
100_20_13, 100, 20, ii, 0, random, e, 524915, tei, 128273, 1735445
100_20_13, 100, 20, ii, 0, random, i, 524915, tei, 290929, 1754656
100_20_13, 100, 20, ii, 0, rz, t, 524915, tei, 58, 1790523
100_20_13, 100, 20, ii, 0, rz, e, 524915, tei, 11410, 1763317
100_20_13, 100, 20, ii, 0, rz, i, 524915, tei, 17002, 1755547
100_20_13, 100, 20, ii, 1, random, t, 524915, tei, 267, 2439883
100_20_13, 100, 20, ii, 1, random, e, 524915, tei, 22491, 1805662
100_20_13, 100, 20, ii, 1, random, i, 524915, tei, 72690, 1761904
100_20_13, 100, 20, ii, 1, rz, t, 524915, tei, 58, 1790523
100_20_13, 100, 20, ii, 1, rz, e, 524915, tei, 7051, 1767663
100_20_13, 100, 20, ii, 1, rz, i, 524915, tei, 18890, 1754358
100_20_14, 100, 20, ii, 0, random, t, 518961, tei, 470, 2252768
100_20_14, 100, 20, ii, 0, random, e, 518961, tei, 125380, 1749162
100_20_14, 100, 20, ii, 0, random, i, 518961, tei, 293327, 1735672
100_20_14, 100, 20, ii, 0, rz, t, 518961, tei, 31, 1786624
100_20_14, 100, 20, ii, 0, rz, e, 518961, tei, 8153, 1770530
100_20_14, 100, 20, ii, 0, rz, i, 518961, tei, 30749, 1739054
100_20_14, 100, 20, ii, 1, random, t, 518961, tei, 667, 2225987
100_20_14, 100, 20, ii, 1, random, e, 518961, tei, 28628, 1769981
100_20_14, 100, 20, ii, 1, random, i, 518961, tei, 57009, 1766628
100_20_14, 100, 20, ii, 1, rz, t, 518961, tei, 31, 1786624
100_20_14, 100, 20, ii, 1, rz, e, 518961, tei, 6456, 1768605
100_20_14, 100, 20, ii, 1, rz, i, 518961, tei, 12689, 1765016
100_20_15, 100, 20, ii, 0, random, t, 910326, tei, 676, 2071486
100_20_15, 100, 20, ii, 0, random, e, 910326, tei, 126507, 1474300
100_20_15, 100, 20, ii, 0, random, i, 910326, tei, 344161, 1483741
100_20_15, 100, 20, ii, 0, rz, t, 910326, tei, 23, 1513447
100_20_15, 100, 20, ii, 0, rz, e, 910326, tei, 4007, 1500577
100_20_15, 100, 20, ii, 0, rz, i, 910326, tei, 14058, 1481735
100_20_15, 100, 20, ii, 1, random, t, 910326, tei, 587, 2075227
100_20_15, 100, 20, ii, 1, random, e, 910326, tei, 27231, 1508264
100_20_15, 100, 20, ii, 1, random, i, 910326, tei, 61249, 1505599
100_20_15, 100, 20, ii, 1, rz, t, 910326, tei, 46, 1513447
100_20_15, 100, 20, ii, 1, rz, e, 910326, tei, 4988, 1503622
100_20_15, 100, 20, ii, 1, rz, i, 910326, tei, 12389, 1501537
100_20_16, 100, 20, ii, 0, random, t, 930880, tei, 828, 2468901
100_20_16, 100, 20, ii, 0, random, e, 930880, tei, 103111, 1886115
100_20_16, 100, 20, ii, 0, random, i, 930880, tei, 248515, 1887998
100_20_16, 100, 20, ii, 0, rz, t, 930880, tei, 39, 1931321
100_20_16, 100, 20, ii, 0, rz, e, 930880, tei, 11666, 1886855
100_20_16, 100, 20, ii, 0, rz, i, 930880, tei, 24621, 1887347
100_20_16, 100, 20, ii, 1, random, t, 930880, tei, 622, 2491989
100_20_16, 100, 20, ii, 1, random, e, 930880, tei, 28679, 1941398
100_20_16, 100, 20, ii, 1, random, i, 930880, tei, 63845, 1909369
100_20_16, 100, 20, ii, 1, rz, t, 930880, tei, 44, 1932581
100_20_16, 100, 20, ii, 1, rz, e, 930880, tei, 5614, 1914988
100_20_16, 100, 20, ii, 1, rz, i, 930880, tei, 25554, 1888359
100_20_17, 100, 20, ii, 0, random, t, 105478, tei, 515, 2640367
100_20_17, 100, 20, ii, 0, random, e, 105478, tei, 153347, 1811335
100_20_17, 100, 20, ii, 0, random, i, 105478, tei, 304031, 1802397
100_20_17, 100, 20, ii, 0, rz, t, 105478, tei, 24, 1857456
100_20_17, 100, 20, ii, 0, rz, e, 105478, tei, 8232, 1840702
100_20_17, 100, 20, ii, 0, rz, i, 105478, tei, 6834, 1828708
100_20_17, 100, 20, ii, 1, random, t, 105478, tei, 429, 2649130
100_20_17, 100, 20, ii, 1, random, e, 105478, tei, 19544, 1860627
100_20_17, 100, 20, ii, 1, random, i, 105478, tei, 58899, 1829956
100_20_17, 100, 20, ii, 1, rz, t, 105478, tei, 45, 1856652
100_20_17, 100, 20, ii, 1, rz, e, 105478, tei, 6810, 1813377
100_20_17, 100, 20, ii, 1, rz, i, 105478, tei, 11451, 1812047
100_20_18, 100, 20, ii, 0, random, t, 234909, tei, 334, 2596249
100_20_18, 100, 20, ii, 0, random, e, 234909, tei, 126309, 1849768
100_20_18, 100, 20, ii, 0, random, i, 234909, tei, 347115, 1845898
100_20_18, 100, 20, ii, 0, rz, t, 234909, tei, 34, 1917307
100_20_18, 100, 20, ii, 0, rz, e, 234909, tei, 3749, 1873291
100_20_18, 100, 20, ii, 0, rz, i, 234909, tei, 23988, 1854862
100_20_18, 100, 20, ii, 1, random, t, 234909, tei, 370, 2608104
100_20_18, 100, 20, ii, 1, random, e, 234909, tei, 30521, 1900913
100_20_18, 100, 20, ii, 1, random, i, 234909, tei, 70804, 1867500
100_20_18, 100, 20, ii, 1, rz, t, 234909, tei, 45, 1917358
100_20_18, 100, 20, ii, 1, rz, e, 234909, tei, 5639, 1896268
100_20_18, 100, 20, ii, 1, rz, i, 234909, tei, 17756, 1869216
100_20_19, 100, 20, ii, 0, random, t, 355975, tei, 745, 2260949
100_20_19, 100, 20, ii, 0, random, e, 355975, tei, 101667, 1694443
100_20_19, 100, 20, ii, 0, random, i, 355975, tei, 249451, 1697312
100_20_19, 100, 20, ii, 0, rz, t, 355975, tei, 37, 1757437
100_20_19, 100, 20, ii, 0, rz, e, 355975, tei, 8378, 1729046
100_20_19, 100, 20, ii, 0, rz, i, 355975, tei, 25811, 1710166
100_20_19, 100, 20, ii, 1, random, t, 355975, tei, 371, 2309158
100_20_19, 100, 20, ii, 1, random, e, 355975, tei, 22802, 1757000
100_20_19, 100, 20, ii, 1, random, i, 355975, tei, 46481, 1735514
100_20_19, 100, 20, ii, 1, rz, t, 355975, tei, 69, 1757760
100_20_19, 100, 20, ii, 1, rz, e, 355975, tei, 6635, 1746984
100_20_19, 100, 20, ii, 1, rz, i, 355975, tei, 11595, 1716630
100_20_20, 100, 20, ii, 0, random, t, 503290, tei, 409, 2472713
100_20_20, 100, 20, ii, 0, random, e, 503290, tei, 116050, 1819487
100_20_20, 100, 20, ii, 0, random, i, 503290, tei, 230042, 1838747
100_20_20, 100, 20, ii, 0, rz, t, 503290, tei, 17, 1874273
100_20_20, 100, 20, ii, 0, rz, e, 503290, tei, 4135, 1855337
100_20_20, 100, 20, ii, 0, rz, i, 503290, tei, 18100, 1843492
100_20_20, 100, 20, ii, 1, random, t, 503290, tei, 347, 2516463
100_20_20, 100, 20, ii, 1, random, e, 503290, tei, 22618, 1918414
100_20_20, 100, 20, ii, 1, random, i, 503290, tei, 52563, 1855553
100_20_20, 100, 20, ii, 1, rz, t, 503290, tei, 28, 1874273
100_20_20, 100, 20, ii, 1, rz, e, 503290, tei, 4252, 1853848
100_20_20, 100, 20, ii, 1, rz, i, 503290, tei, 11930, 1852163
100_20_21, 100, 20, ii, 0, random, t, 184871, tei, 451, 2405630
100_20_21, 100, 20, ii, 0, random, e, 184871, tei, 76539, 1759522
100_20_21, 100, 20, ii, 0, random, i, 184871, tei, 211683, 1757502
100_20_21, 100, 20, ii, 0, rz, t, 184871, tei, 34, 1794948
100_20_21, 100, 20, ii, 0, rz, e, 184871, tei, 3085, 1786989
100_20_21, 100, 20, ii, 0, rz, i, 184871, tei, 14546, 1749757
100_20_21, 100, 20, ii, 1, random, t, 184871, tei, 588, 2440296
100_20_21, 100, 20, ii, 1, random, e, 184871, tei, 25299, 1801812
100_20_21, 100, 20, ii, 1, random, i, 184871, tei, 53246, 1788742
100_20_21, 100, 20, ii, 1, rz, t, 184871, tei, 50, 1795109
100_20_21, 100, 20, ii, 1, rz, e, 184871, tei, 3850, 1787796
100_20_21, 100, 20, ii, 1, rz, i, 184871, tei, 19284, 1734645
100_20_22, 100, 20, ii, 0, random, t, 315962, tei, 321, 2369210
100_20_22, 100, 20, ii, 0, random, e, 315962, tei, 107639, 1778151
100_20_22, 100, 20, ii, 0, random, i, 315962, tei, 271539, 1771572
100_20_22, 100, 20, ii, 0, rz, t, 315962, tei, 25, 1820415
100_20_22, 100, 20, ii, 0, rz, e, 315962, tei, 14341, 1793708
100_20_22, 100, 20, ii, 0, rz, i, 315962, tei, 21010, 1768638
100_20_22, 100, 20, ii, 1, random, t, 315962, tei, 416, 2407659
100_20_22, 100, 20, ii, 1, random, e, 315962, tei, 24780, 1811422
100_20_22, 100, 20, ii, 1, random, i, 315962, tei, 48242, 1793217
100_20_22, 100, 20, ii, 1, rz, t, 315962, tei, 27, 1820415
100_20_22, 100, 20, ii, 1, rz, e, 315962, tei, 5644, 1807884
100_20_22, 100, 20, ii, 1, rz, i, 315962, tei, 22456, 1782273
100_20_23, 100, 20, ii, 0, random, t, 729439, tei, 224, 2490837
100_20_23, 100, 20, ii, 0, random, e, 729439, tei, 76564, 1811954
100_20_23, 100, 20, ii, 0, random, i, 729439, tei, 193759, 1836794
100_20_23, 100, 20, ii, 0, rz, t, 729439, tei, 31, 1870555
100_20_23, 100, 20, ii, 0, rz, e, 729439, tei, 11992, 1839433
100_20_23, 100, 20, ii, 0, rz, i, 729439, tei, 26392, 1818445
100_20_23, 100, 20, ii, 1, random, t, 729439, tei, 488, 2491423
100_20_23, 100, 20, ii, 1, random, e, 729439, tei, 20515, 1881670
100_20_23, 100, 20, ii, 1, random, i, 729439, tei, 50010, 1844788
100_20_23, 100, 20, ii, 1, rz, t, 729439, tei, 40, 1870555
100_20_23, 100, 20, ii, 1, rz, e, 729439, tei, 4489, 1854905
100_20_23, 100, 20, ii, 1, rz, i, 729439, tei, 15707, 1833881
100_20_24, 100, 20, ii, 0, random, t, 209752, tei, 583, 2380560
100_20_24, 100, 20, ii, 0, random, e, 209752, tei, 82446, 1720406
100_20_24, 100, 20, ii, 0, random, i, 209752, tei, 231450, 1747504
100_20_24, 100, 20, ii, 0, rz, t, 209752, tei, 34, 1778055
100_20_24, 100, 20, ii, 0, rz, e, 209752, tei, 13666, 1722336
100_20_24, 100, 20, ii, 0, rz, i, 209752, tei, 22787, 1738987
100_20_24, 100, 20, ii, 1, random, t, 209752, tei, 638, 2369601
100_20_24, 100, 20, ii, 1, random, e, 209752, tei, 21581, 1811118
100_20_24, 100, 20, ii, 1, random, i, 209752, tei, 49147, 1747734
100_20_24, 100, 20, ii, 1, rz, t, 209752, tei, 42, 1778055
100_20_24, 100, 20, ii, 1, rz, e, 209752, tei, 8655, 1742005
100_20_24, 100, 20, ii, 1, rz, i, 209752, tei, 23517, 1734255
100_20_25, 100, 20, ii, 0, random, t, 573263, tei, 455, 2466201
100_20_25, 100, 20, ii, 0, random, e, 573263, tei, 119643, 1740783
100_20_25, 100, 20, ii, 0, random, i, 573263, tei, 239151, 1734704
100_20_25, 100, 20, ii, 0, rz, t, 573263, tei, 27, 1789791
100_20_25, 100, 20, ii, 0, rz, e, 573263, tei, 2461, 1770067
100_20_25, 100, 20, ii, 0, rz, i, 573263, tei, 23805, 1757994
100_20_25, 100, 20, ii, 1, random, t, 573263, tei, 631, 2488658
100_20_25, 100, 20, ii, 1, random, e, 573263, tei, 26608, 1794112
100_20_25, 100, 20, ii, 1, random, i, 573263, tei, 64402, 1754387
100_20_25, 100, 20, ii, 1, rz, t, 573263, tei, 27, 1789791
100_20_25, 100, 20, ii, 1, rz, e, 573263, tei, 1706, 1783862
100_20_25, 100, 20, ii, 1, rz, i, 573263, tei, 12372, 1760246
100_20_26, 100, 20, ii, 0, random, t, 832192, tei, 435, 2246425
100_20_26, 100, 20, ii, 0, random, e, 832192, tei, 99659, 1590617
100_20_26, 100, 20, ii, 0, random, i, 832192, tei, 242828, 1595072
100_20_26, 100, 20, ii, 0, rz, t, 832192, tei, 18, 1647057
100_20_26, 100, 20, ii, 0, rz, e, 832192, tei, 9890, 1620038
100_20_26, 100, 20, ii, 0, rz, i, 832192, tei, 19245, 1596557
100_20_26, 100, 20, ii, 1, random, t, 832192, tei, 365, 2261673
100_20_26, 100, 20, ii, 1, random, e, 832192, tei, 23643, 1640286
100_20_26, 100, 20, ii, 1, random, i, 832192, tei, 70681, 1609129
100_20_26, 100, 20, ii, 1, rz, t, 832192, tei, 23, 1647057
100_20_26, 100, 20, ii, 1, rz, e, 832192, tei, 5945, 1632164
100_20_26, 100, 20, ii, 1, rz, i, 832192, tei, 25937, 1597788
100_20_27, 100, 20, ii, 0, random, t, 288442, tei, 305, 2469540
100_20_27, 100, 20, ii, 0, random, e, 288442, tei, 102287, 1883717
100_20_27, 100, 20, ii, 0, random, i, 288442, tei, 230286, 1898937
100_20_27, 100, 20, ii, 0, rz, t, 288442, tei, 24, 1960250
100_20_27, 100, 20, ii, 0, rz, e, 288442, tei, 2820, 1928315
100_20_27, 100, 20, ii, 0, rz, i, 288442, tei, 18960, 1901675
100_20_27, 100, 20, ii, 1, random, t, 288442, tei, 326, 2490851
100_20_27, 100, 20, ii, 1, random, e, 288442, tei, 22249, 1941712
100_20_27, 100, 20, ii, 1, random, i, 288442, tei, 46536, 1948822
100_20_27, 100, 20, ii, 1, rz, t, 288442, tei, 27, 1960250
100_20_27, 100, 20, ii, 1, rz, e, 288442, tei, 6182, 1922398
100_20_27, 100, 20, ii, 1, rz, i, 288442, tei, 10629, 1920572
100_20_28, 100, 20, ii, 0, random, t, 184825, tei, 417, 2400534
100_20_28, 100, 20, ii, 0, random, e, 184825, tei, 102729, 1768392
100_20_28, 100, 20, ii, 0, random, i, 184825, tei, 289321, 1760977
100_20_28, 100, 20, ii, 0, rz, t, 184825, tei, 14, 1822294
100_20_28, 100, 20, ii, 0, rz, e, 184825, tei, 12061, 1783342
100_20_28, 100, 20, ii, 0, rz, i, 184825, tei, 19371, 1769285
100_20_28, 100, 20, ii, 1, random, t, 184825, tei, 411, 2433028
100_20_28, 100, 20, ii, 1, random, e, 184825, tei, 20329, 1825724
100_20_28, 100, 20, ii, 1, random, i, 184825, tei, 47404, 1792243
100_20_28, 100, 20, ii, 1, rz, t, 184825, tei, 50, 1822294
100_20_28, 100, 20, ii, 1, rz, e, 184825, tei, 10429, 1792323
100_20_28, 100, 20, ii, 1, rz, i, 184825, tei, 20374, 1771378
100_20_29, 100, 20, ii, 0, random, t, 251400, tei, 486, 2609208
100_20_29, 100, 20, ii, 0, random, e, 251400, tei, 78922, 2028801
100_20_29, 100, 20, ii, 0, random, i, 251400, tei, 186265, 2026839
100_20_29, 100, 20, ii, 0, rz, t, 251400, tei, 35, 2086646
100_20_29, 100, 20, ii, 0, rz, e, 251400, tei, 7019, 2059206
100_20_29, 100, 20, ii, 0, rz, i, 251400, tei, 22655, 2031565
100_20_29, 100, 20, ii, 1, random, t, 251400, tei, 455, 2655844
100_20_29, 100, 20, ii, 1, random, e, 251400, tei, 20157, 2085537
100_20_29, 100, 20, ii, 1, random, i, 251400, tei, 43825, 2099398
100_20_29, 100, 20, ii, 1, rz, t, 251400, tei, 54, 2088428
100_20_29, 100, 20, ii, 1, rz, e, 251400, tei, 3834, 2077695
100_20_29, 100, 20, ii, 1, rz, i, 251400, tei, 10019, 2063390
100_20_30, 100, 20, ii, 0, random, t, 831110, tei, 341, 2497377
100_20_30, 100, 20, ii, 0, random, e, 831110, tei, 108086, 1795793
100_20_30, 100, 20, ii, 0, random, i, 831110, tei, 286066, 1807695
100_20_30, 100, 20, ii, 0, rz, t, 831110, tei, 11, 1840390
100_20_30, 100, 20, ii, 0, rz, e, 831110, tei, 4889, 1828517
100_20_30, 100, 20, ii, 0, rz, i, 831110, tei, 13220, 1800993
100_20_30, 100, 20, ii, 1, random, t, 831110, tei, 467, 2524206
100_20_30, 100, 20, ii, 1, random, e, 831110, tei, 23331, 1877466
100_20_30, 100, 20, ii, 1, random, i, 831110, tei, 60388, 1857065
100_20_30, 100, 20, ii, 1, rz, t, 831110, tei, 11, 1840390
100_20_30, 100, 20, ii, 1, rz, e, 831110, tei, 5470, 1832161
100_20_30, 100, 20, ii, 1, rz, i, 831110, tei, 13878, 1818074
50_20_01, 50, 20, ii, 0, random, t, 879567, tei, 38, 780181
50_20_01, 50, 20, ii, 0, random, e, 879567, tei, 3925, 607244
50_20_01, 50, 20, ii, 0, random, i, 879567, tei, 6794, 604004
50_20_01, 50, 20, ii, 0, rz, t, 879567, tei, 2, 616002
50_20_01, 50, 20, ii, 0, rz, e, 879567, tei, 40, 616002
50_20_01, 50, 20, ii, 0, rz, i, 879567, tei, 950, 607386
50_20_01, 50, 20, ii, 1, random, t, 879567, tei, 64, 774805
50_20_01, 50, 20, ii, 1, random, e, 879567, tei, 1347, 625318
50_20_01, 50, 20, ii, 1, random, i, 879567, tei, 3874, 609371
50_20_01, 50, 20, ii, 1, rz, t, 879567, tei, 1, 616002
50_20_01, 50, 20, ii, 1, rz, e, 879567, tei, 37, 616002
50_20_01, 50, 20, ii, 1, rz, i, 879567, tei, 773, 611917
50_20_02, 50, 20, ii, 0, random, t, 129925, tei, 27, 872197
50_20_02, 50, 20, ii, 0, random, e, 129925, tei, 5685, 630176
50_20_02, 50, 20, ii, 0, random, i, 129925, tei, 13587, 639016
50_20_02, 50, 20, ii, 0, rz, t, 129925, tei, 4, 650578
50_20_02, 50, 20, ii, 0, rz, e, 129925, tei, 439, 636519
50_20_02, 50, 20, ii, 0, rz, i, 129925, tei, 2105, 632336
50_20_02, 50, 20, ii, 1, random, t, 129925, tei, 49, 872583
50_20_02, 50, 20, ii, 1, random, e, 129925, tei, 1528, 644161
50_20_02, 50, 20, ii, 1, random, i, 129925, tei, 3056, 651431
50_20_02, 50, 20, ii, 1, rz, t, 129925, tei, 4, 650578
50_20_02, 50, 20, ii, 1, rz, e, 129925, tei, 381, 638708
50_20_02, 50, 20, ii, 1, rz, i, 129925, tei, 1319, 634393
50_20_03, 50, 20, ii, 0, random, t, 137391, tei, 83, 802629
50_20_03, 50, 20, ii, 0, random, e, 137391, tei, 4783, 600464
50_20_03, 50, 20, ii, 0, random, i, 137391, tei, 13955, 600421
50_20_03, 50, 20, ii, 0, rz, t, 137391, tei, 1, 613349
50_20_03, 50, 20, ii, 0, rz, e, 137391, tei, 42, 613349
50_20_03, 50, 20, ii, 0, rz, i, 137391, tei, 1122, 603315
50_20_03, 50, 20, ii, 1, random, t, 137391, tei, 37, 808750
50_20_03, 50, 20, ii, 1, random, e, 137391, tei, 1735, 613541
50_20_03, 50, 20, ii, 1, random, i, 137391, tei, 3920, 601014
50_20_03, 50, 20, ii, 1, rz, t, 137391, tei, 1, 613349
50_20_03, 50, 20, ii, 1, rz, e, 137391, tei, 39, 613349
50_20_03, 50, 20, ii, 1, rz, i, 137391, tei, 703, 608764
50_20_04, 50, 20, ii, 0, random, t, 575045, tei, 48, 1006027
50_20_04, 50, 20, ii, 0, random, e, 575045, tei, 5133, 679579
50_20_04, 50, 20, ii, 0, random, i, 575045, tei, 14591, 673126
50_20_04, 50, 20, ii, 0, rz, t, 575045, tei, 3, 683331
50_20_04, 50, 20, ii, 0, rz, e, 575045, tei, 230, 686236
50_20_04, 50, 20, ii, 0, rz, i, 575045, tei, 598, 675472
50_20_04, 50, 20, ii, 1, random, t, 575045, tei, 50, 1017284
50_20_04, 50, 20, ii, 1, random, e, 575045, tei, 1470, 706858
50_20_04, 50, 20, ii, 1, random, i, 575045, tei, 3190, 689680
50_20_04, 50, 20, ii, 1, rz, t, 575045, tei, 5, 687245
50_20_04, 50, 20, ii, 1, rz, e, 575045, tei, 566, 680249
50_20_04, 50, 20, ii, 1, rz, i, 575045, tei, 628, 679033
50_20_05, 50, 20, ii, 0, random, t, 755496, tei, 33, 852236
50_20_05, 50, 20, ii, 0, random, e, 755496, tei, 3952, 670888
50_20_05, 50, 20, ii, 0, random, i, 755496, tei, 11619, 672195
50_20_05, 50, 20, ii, 0, rz, t, 755496, tei, 7, 696543
50_20_05, 50, 20, ii, 0, rz, e, 755496, tei, 614, 675712
50_20_05, 50, 20, ii, 0, rz, i, 755496, tei, 2225, 658600
50_20_05, 50, 20, ii, 1, random, t, 755496, tei, 30, 854659
50_20_05, 50, 20, ii, 1, random, e, 755496, tei, 1276, 678419
50_20_05, 50, 20, ii, 1, random, i, 755496, tei, 2923, 680912
50_20_05, 50, 20, ii, 1, rz, t, 755496, tei, 9, 696543
50_20_05, 50, 20, ii, 1, rz, e, 755496, tei, 640, 667732
50_20_05, 50, 20, ii, 1, rz, i, 755496, tei, 1456, 668382
50_20_06, 50, 20, ii, 0, random, t, 120060, tei, 38, 803385
50_20_06, 50, 20, ii, 0, random, e, 120060, tei, 5096, 656776
50_20_06, 50, 20, ii, 0, random, i, 120060, tei, 9588, 660660
50_20_06, 50, 20, ii, 0, rz, t, 120060, tei, 2, 675913
50_20_06, 50, 20, ii, 0, rz, e, 120060, tei, 138, 665682
50_20_06, 50, 20, ii, 0, rz, i, 120060, tei, 826, 653510
50_20_06, 50, 20, ii, 1, random, t, 120060, tei, 42, 811127
50_20_06, 50, 20, ii, 1, random, e, 120060, tei, 1508, 662155
50_20_06, 50, 20, ii, 1, random, i, 120060, tei, 4136, 653230
50_20_06, 50, 20, ii, 1, rz, t, 120060, tei, 6, 675913
50_20_06, 50, 20, ii, 1, rz, e, 120060, tei, 637, 660114
50_20_06, 50, 20, ii, 1, rz, i, 120060, tei, 1219, 652945
50_20_07, 50, 20, ii, 0, random, t, 582297, tei, 37, 741008
50_20_07, 50, 20, ii, 0, random, e, 582297, tei, 4218, 581653
50_20_07, 50, 20, ii, 0, random, i, 582297, tei, 10683, 572213
50_20_07, 50, 20, ii, 0, rz, t, 582297, tei, 5, 587808
50_20_07, 50, 20, ii, 0, rz, e, 582297, tei, 334, 582314
50_20_07, 50, 20, ii, 0, rz, i, 582297, tei, 1068, 573545
50_20_07, 50, 20, ii, 1, random, t, 582297, tei, 56, 738796
50_20_07, 50, 20, ii, 1, random, e, 582297, tei, 1316, 596088
50_20_07, 50, 20, ii, 1, random, i, 582297, tei, 3366, 586572
50_20_07, 50, 20, ii, 1, rz, t, 582297, tei, 5, 587808
50_20_07, 50, 20, ii, 1, rz, e, 582297, tei, 112, 587808
50_20_07, 50, 20, ii, 1, rz, i, 582297, tei, 1324, 578904
50_20_08, 50, 20, ii, 0, random, t, 578136, tei, 43, 723605
50_20_08, 50, 20, ii, 0, random, e, 578136, tei, 4428, 544877
50_20_08, 50, 20, ii, 0, random, i, 578136, tei, 11508, 537476
50_20_08, 50, 20, ii, 0, rz, t, 578136, tei, 1, 547398
50_20_08, 50, 20, ii, 0, rz, e, 578136, tei, 192, 540051
50_20_08, 50, 20, ii, 0, rz, i, 578136, tei, 461, 542886
50_20_08, 50, 20, ii, 1, random, t, 578136, tei, 72, 719959
50_20_08, 50, 20, ii, 1, random, e, 578136, tei, 1527, 555098
50_20_08, 50, 20, ii, 1, random, i, 578136, tei, 3391, 545110
50_20_08, 50, 20, ii, 1, rz, t, 578136, tei, 3, 547398
50_20_08, 50, 20, ii, 1, rz, e, 578136, tei, 262, 541600
50_20_08, 50, 20, ii, 1, rz, i, 578136, tei, 610, 542420
50_20_09, 50, 20, ii, 0, random, t, 498080, tei, 56, 767854
50_20_09, 50, 20, ii, 0, random, e, 498080, tei, 4513, 583874
50_20_09, 50, 20, ii, 0, random, i, 498080, tei, 12426, 581647
50_20_09, 50, 20, ii, 0, rz, t, 498080, tei, 4, 594311
50_20_09, 50, 20, ii, 0, rz, e, 498080, tei, 126, 594311
50_20_09, 50, 20, ii, 0, rz, i, 498080, tei, 901, 581338
50_20_09, 50, 20, ii, 1, random, t, 498080, tei, 76, 767015
50_20_09, 50, 20, ii, 1, random, e, 498080, tei, 1882, 591674
50_20_09, 50, 20, ii, 1, random, i, 498080, tei, 2772, 594761
50_20_09, 50, 20, ii, 1, rz, t, 498080, tei, 6, 594311
50_20_09, 50, 20, ii, 1, rz, e, 498080, tei, 172, 594311
50_20_09, 50, 20, ii, 1, rz, i, 498080, tei, 962, 587769
50_20_10, 50, 20, ii, 0, random, t, 429546, tei, 39, 799567
50_20_10, 50, 20, ii, 0, random, e, 429546, tei, 3318, 610547
50_20_10, 50, 20, ii, 0, random, i, 429546, tei, 10418, 609377
50_20_10, 50, 20, ii, 0, rz, t, 429546, tei, 10, 618765
50_20_10, 50, 20, ii, 0, rz, e, 429546, tei, 330, 613450
50_20_10, 50, 20, ii, 0, rz, i, 429546, tei, 1299, 607378
50_20_10, 50, 20, ii, 1, random, t, 429546, tei, 49, 798298
50_20_10, 50, 20, ii, 1, random, e, 429546, tei, 1658, 617461
50_20_10, 50, 20, ii, 1, random, i, 429546, tei, 3752, 617058
50_20_10, 50, 20, ii, 1, rz, t, 429546, tei, 5, 619013
50_20_10, 50, 20, ii, 1, rz, e, 429546, tei, 303, 613979
50_20_10, 50, 20, ii, 1, rz, i, 429546, tei, 462, 613812
50_20_11, 50, 20, ii, 0, random, t, 819078, tei, 25, 757235
50_20_11, 50, 20, ii, 0, random, e, 819078, tei, 3732, 618900
50_20_11, 50, 20, ii, 0, random, i, 819078, tei, 9614, 613113
50_20_11, 50, 20, ii, 0, rz, t, 819078, tei, 3, 620124
50_20_11, 50, 20, ii, 0, rz, e, 819078, tei, 133, 618902
50_20_11, 50, 20, ii, 0, rz, i, 819078, tei, 747, 614085
50_20_11, 50, 20, ii, 1, random, t, 819078, tei, 44, 753438
50_20_11, 50, 20, ii, 1, random, e, 819078, tei, 1414, 624979
50_20_11, 50, 20, ii, 1, random, i, 819078, tei, 3181, 628829
50_20_11, 50, 20, ii, 1, rz, t, 819078, tei, 7, 619327
50_20_11, 50, 20, ii, 1, rz, e, 819078, tei, 232, 618171
50_20_11, 50, 20, ii, 1, rz, i, 819078, tei, 1240, 615524
50_20_12, 50, 20, ii, 0, random, t, 719324, tei, 50, 767719
50_20_12, 50, 20, ii, 0, random, e, 719324, tei, 4651, 588241
50_20_12, 50, 20, ii, 0, random, i, 719324, tei, 12574, 591592
50_20_12, 50, 20, ii, 0, rz, t, 719324, tei, 2, 599970
50_20_12, 50, 20, ii, 0, rz, e, 719324, tei, 62, 599759
50_20_12, 50, 20, ii, 0, rz, i, 719324, tei, 1036, 595915
50_20_12, 50, 20, ii, 1, random, t, 719324, tei, 81, 773356
50_20_12, 50, 20, ii, 1, random, e, 719324, tei, 1300, 616105
50_20_12, 50, 20, ii, 1, random, i, 719324, tei, 3852, 592142
50_20_12, 50, 20, ii, 1, rz, t, 719324, tei, 3, 599970
50_20_12, 50, 20, ii, 1, rz, e, 719324, tei, 75, 599759
50_20_12, 50, 20, ii, 1, rz, i, 719324, tei, 921, 595915
50_20_13, 50, 20, ii, 0, random, t, 860667, tei, 50, 741506
50_20_13, 50, 20, ii, 0, random, e, 860667, tei, 4297, 565842
50_20_13, 50, 20, ii, 0, random, i, 860667, tei, 9781, 558307
50_20_13, 50, 20, ii, 0, rz, t, 860667, tei, 4, 581879
50_20_13, 50, 20, ii, 0, rz, e, 860667, tei, 753, 565246
50_20_13, 50, 20, ii, 0, rz, i, 860667, tei, 1544, 558749
50_20_13, 50, 20, ii, 1, random, t, 860667, tei, 38, 753405
50_20_13, 50, 20, ii, 1, random, e, 860667, tei, 1613, 575633
50_20_13, 50, 20, ii, 1, random, i, 860667, tei, 3480, 572625
50_20_13, 50, 20, ii, 1, rz, t, 860667, tei, 8, 581879
50_20_13, 50, 20, ii, 1, rz, e, 860667, tei, 724, 567575
50_20_13, 50, 20, ii, 1, rz, i, 860667, tei, 1466, 562339
50_20_14, 50, 20, ii, 0, random, t, 918046, tei, 57, 799140
50_20_14, 50, 20, ii, 0, random, e, 918046, tei, 5192, 581986
50_20_14, 50, 20, ii, 0, random, i, 918046, tei, 12084, 584228
50_20_14, 50, 20, ii, 0, rz, t, 918046, tei, 7, 592690
50_20_14, 50, 20, ii, 0, rz, e, 918046, tei, 348, 587634
50_20_14, 50, 20, ii, 0, rz, i, 918046, tei, 921, 581814
50_20_14, 50, 20, ii, 1, random, t, 918046, tei, 37, 799930
50_20_14, 50, 20, ii, 1, random, e, 918046, tei, 1856, 589543
50_20_14, 50, 20, ii, 1, random, i, 918046, tei, 3224, 584274
50_20_14, 50, 20, ii, 1, rz, t, 918046, tei, 12, 594779
50_20_14, 50, 20, ii, 1, rz, e, 918046, tei, 447, 587443
50_20_14, 50, 20, ii, 1, rz, i, 918046, tei, 1012, 583664
50_20_15, 50, 20, ii, 0, random, t, 814591, tei, 44, 760982
50_20_15, 50, 20, ii, 0, random, e, 814591, tei, 2900, 608847
50_20_15, 50, 20, ii, 0, random, i, 814591, tei, 8863, 609129
50_20_15, 50, 20, ii, 0, rz, t, 814591, tei, 3, 616486
50_20_15, 50, 20, ii, 0, rz, e, 814591, tei, 321, 616297
50_20_15, 50, 20, ii, 0, rz, i, 814591, tei, 1794, 604492
50_20_15, 50, 20, ii, 1, random, t, 814591, tei, 42, 766149
50_20_15, 50, 20, ii, 1, random, e, 814591, tei, 1462, 623765
50_20_15, 50, 20, ii, 1, random, i, 814591, tei, 3646, 615169
50_20_15, 50, 20, ii, 1, rz, t, 814591, tei, 4, 616486
50_20_15, 50, 20, ii, 1, rz, e, 814591, tei, 352, 615934
50_20_15, 50, 20, ii, 1, rz, i, 814591, tei, 1300, 605772
50_20_16, 50, 20, ii, 0, random, t, 829969, tei, 40, 741738
50_20_16, 50, 20, ii, 0, random, e, 829969, tei, 5504, 557429
50_20_16, 50, 20, ii, 0, random, i, 829969, tei, 12106, 559994
50_20_16, 50, 20, ii, 0, rz, t, 829969, tei, 4, 565937
50_20_16, 50, 20, ii, 0, rz, e, 829969, tei, 387, 564236
50_20_16, 50, 20, ii, 0, rz, i, 829969, tei, 1173, 560015
50_20_16, 50, 20, ii, 1, random, t, 829969, tei, 63, 748816
50_20_16, 50, 20, ii, 1, random, e, 829969, tei, 1191, 580037
50_20_16, 50, 20, ii, 1, random, i, 829969, tei, 3471, 567000
50_20_16, 50, 20, ii, 1, rz, t, 829969, tei, 4, 565937
50_20_16, 50, 20, ii, 1, rz, e, 829969, tei, 582, 561110
50_20_16, 50, 20, ii, 1, rz, i, 829969, tei, 878, 560613
50_20_17, 50, 20, ii, 0, random, t, 754591, tei, 48, 872684
50_20_17, 50, 20, ii, 0, random, e, 754591, tei, 4801, 657618
50_20_17, 50, 20, ii, 0, random, i, 754591, tei, 11951, 653569
50_20_17, 50, 20, ii, 0, rz, t, 754591, tei, 4, 666391
50_20_17, 50, 20, ii, 0, rz, e, 754591, tei, 221, 658853
50_20_17, 50, 20, ii, 0, rz, i, 754591, tei, 911, 654820
50_20_17, 50, 20, ii, 1, random, t, 754591, tei, 67, 883868
50_20_17, 50, 20, ii, 1, random, e, 754591, tei, 1661, 669565
50_20_17, 50, 20, ii, 1, random, i, 754591, tei, 3379, 665010
50_20_17, 50, 20, ii, 1, rz, t, 754591, tei, 4, 666391
50_20_17, 50, 20, ii, 1, rz, e, 754591, tei, 194, 665680
50_20_17, 50, 20, ii, 1, rz, i, 754591, tei, 714, 659428
50_20_18, 50, 20, ii, 0, random, t, 802348, tei, 47, 773794
50_20_18, 50, 20, ii, 0, random, e, 802348, tei, 5103, 639897
50_20_18, 50, 20, ii, 0, random, i, 802348, tei, 13351, 638006
50_20_18, 50, 20, ii, 0, rz, t, 802348, tei, 3, 648133
50_20_18, 50, 20, ii, 0, rz, e, 802348, tei, 266, 645792
50_20_18, 50, 20, ii, 0, rz, i, 802348, tei, 1138, 640985
50_20_18, 50, 20, ii, 1, random, t, 802348, tei, 74, 785743
50_20_18, 50, 20, ii, 1, random, e, 802348, tei, 1661, 655739
50_20_18, 50, 20, ii, 1, random, i, 802348, tei, 3792, 648804
50_20_18, 50, 20, ii, 1, rz, t, 802348, tei, 5, 648133
50_20_18, 50, 20, ii, 1, rz, e, 802348, tei, 387, 643953
50_20_18, 50, 20, ii, 1, rz, i, 802348, tei, 1137, 645595
50_20_19, 50, 20, ii, 0, random, t, 6962, tei, 55, 639512
50_20_19, 50, 20, ii, 0, random, e, 6962, tei, 6649, 472174
50_20_19, 50, 20, ii, 0, random, i, 6962, tei, 16104, 467662
50_20_19, 50, 20, ii, 0, rz, t, 6962, tei, 2, 480111
50_20_19, 50, 20, ii, 0, rz, e, 6962, tei, 264, 474614
50_20_19, 50, 20, ii, 0, rz, i, 6962, tei, 832, 478244
50_20_19, 50, 20, ii, 1, random, t, 6962, tei, 38, 640614
50_20_19, 50, 20, ii, 1, random, e, 6962, tei, 1799, 482175
50_20_19, 50, 20, ii, 1, random, i, 6962, tei, 3750, 474685
50_20_19, 50, 20, ii, 1, rz, t, 6962, tei, 3, 480111
50_20_19, 50, 20, ii, 1, rz, e, 6962, tei, 365, 474591
50_20_19, 50, 20, ii, 1, rz, i, 6962, tei, 1677, 472976
50_20_20, 50, 20, ii, 0, random, t, 785124, tei, 54, 730854
50_20_20, 50, 20, ii, 0, random, e, 785124, tei, 4589, 577353
50_20_20, 50, 20, ii, 0, random, i, 785124, tei, 15433, 576248
50_20_20, 50, 20, ii, 0, rz, t, 785124, tei, 2, 584512
50_20_20, 50, 20, ii, 0, rz, e, 785124, tei, 457, 583618
50_20_20, 50, 20, ii, 0, rz, i, 785124, tei, 763, 578731
50_20_20, 50, 20, ii, 1, random, t, 785124, tei, 42, 755726
50_20_20, 50, 20, ii, 1, random, e, 785124, tei, 1709, 581371
50_20_20, 50, 20, ii, 1, random, i, 785124, tei, 4176, 577588
50_20_20, 50, 20, ii, 1, rz, t, 785124, tei, 3, 584512
50_20_20, 50, 20, ii, 1, rz, e, 785124, tei, 268, 583651
50_20_20, 50, 20, ii, 1, rz, i, 785124, tei, 1009, 574626
50_20_21, 50, 20, ii, 0, random, t, 437355, tei, 51, 797183
50_20_21, 50, 20, ii, 0, random, e, 437355, tei, 4425, 632398
50_20_21, 50, 20, ii, 0, random, i, 437355, tei, 9287, 622274
50_20_21, 50, 20, ii, 0, rz, t, 437355, tei, 1, 644590
50_20_21, 50, 20, ii, 0, rz, e, 437355, tei, 63, 644476
50_20_21, 50, 20, ii, 0, rz, i, 437355, tei, 349, 641953
50_20_21, 50, 20, ii, 1, random, t, 437355, tei, 44, 800356
50_20_21, 50, 20, ii, 1, random, e, 437355, tei, 1541, 652092
50_20_21, 50, 20, ii, 1, random, i, 437355, tei, 4869, 627650
50_20_21, 50, 20, ii, 1, rz, t, 437355, tei, 1, 644590
50_20_21, 50, 20, ii, 1, rz, e, 437355, tei, 82, 644476
50_20_21, 50, 20, ii, 1, rz, i, 437355, tei, 1553, 623387
50_20_22, 50, 20, ii, 0, random, t, 68620, tei, 59, 816492
50_20_22, 50, 20, ii, 0, random, e, 68620, tei, 3865, 657966
50_20_22, 50, 20, ii, 0, random, i, 68620, tei, 11247, 665688
50_20_22, 50, 20, ii, 0, rz, t, 68620, tei, 14, 671837
50_20_22, 50, 20, ii, 0, rz, e, 68620, tei, 658, 661875
50_20_22, 50, 20, ii, 0, rz, i, 68620, tei, 1753, 652400
50_20_22, 50, 20, ii, 1, random, t, 68620, tei, 71, 818604
50_20_22, 50, 20, ii, 1, random, e, 68620, tei, 1231, 669262
50_20_22, 50, 20, ii, 1, random, i, 68620, tei, 3159, 663042
50_20_22, 50, 20, ii, 1, rz, t, 68620, tei, 11, 672033
50_20_22, 50, 20, ii, 1, rz, e, 68620, tei, 420, 663867
50_20_22, 50, 20, ii, 1, rz, i, 68620, tei, 550, 663761
50_20_23, 50, 20, ii, 0, random, t, 232878, tei, 49, 772785
50_20_23, 50, 20, ii, 0, random, e, 232878, tei, 4468, 619432
50_20_23, 50, 20, ii, 0, random, i, 232878, tei, 9116, 613870
50_20_23, 50, 20, ii, 0, rz, t, 232878, tei, 5, 619180
50_20_23, 50, 20, ii, 0, rz, e, 232878, tei, 323, 613594
50_20_23, 50, 20, ii, 0, rz, i, 232878, tei, 1966, 611858
50_20_23, 50, 20, ii, 1, random, t, 232878, tei, 72, 774002
50_20_23, 50, 20, ii, 1, random, e, 232878, tei, 1267, 630708
50_20_23, 50, 20, ii, 1, random, i, 232878, tei, 3175, 623687
50_20_23, 50, 20, ii, 1, rz, t, 232878, tei, 11, 619632
50_20_23, 50, 20, ii, 1, rz, e, 232878, tei, 268, 619559
50_20_23, 50, 20, ii, 1, rz, i, 232878, tei, 778, 613923
50_20_24, 50, 20, ii, 0, random, t, 872160, tei, 67, 731989
50_20_24, 50, 20, ii, 0, random, e, 872160, tei, 4553, 556985
50_20_24, 50, 20, ii, 0, random, i, 872160, tei, 10612, 558985
50_20_24, 50, 20, ii, 0, rz, t, 872160, tei, 1, 572680
50_20_24, 50, 20, ii, 0, rz, e, 872160, tei, 228, 570600
50_20_24, 50, 20, ii, 0, rz, i, 872160, tei, 1200, 560656
50_20_24, 50, 20, ii, 1, random, t, 872160, tei, 113, 731800
50_20_24, 50, 20, ii, 1, random, e, 872160, tei, 1651, 589288
50_20_24, 50, 20, ii, 1, random, i, 872160, tei, 3424, 568464
50_20_24, 50, 20, ii, 1, rz, t, 872160, tei, 7, 570962
50_20_24, 50, 20, ii, 1, rz, e, 872160, tei, 337, 570600
50_20_24, 50, 20, ii, 1, rz, i, 872160, tei, 1053, 563387
50_20_25, 50, 20, ii, 0, random, t, 219667, tei, 41, 725624
50_20_25, 50, 20, ii, 0, random, e, 219667, tei, 5777, 602062
50_20_25, 50, 20, ii, 0, random, i, 219667, tei, 12619, 599354
50_20_25, 50, 20, ii, 0, rz, t, 219667, tei, 5, 612401
50_20_25, 50, 20, ii, 0, rz, e, 219667, tei, 728, 604263
50_20_25, 50, 20, ii, 0, rz, i, 219667, tei, 1461, 607119
50_20_25, 50, 20, ii, 1, random, t, 219667, tei, 75, 745225
50_20_25, 50, 20, ii, 1, random, e, 219667, tei, 1269, 620925
50_20_25, 50, 20, ii, 1, random, i, 219667, tei, 3911, 598113
50_20_25, 50, 20, ii, 1, rz, t, 219667, tei, 4, 612401
50_20_25, 50, 20, ii, 1, rz, e, 219667, tei, 530, 607425
50_20_25, 50, 20, ii, 1, rz, i, 219667, tei, 936, 603865
50_20_26, 50, 20, ii, 0, random, t, 398151, tei, 58, 781175
50_20_26, 50, 20, ii, 0, random, e, 398151, tei, 5549, 615133
50_20_26, 50, 20, ii, 0, random, i, 398151, tei, 12984, 606254
50_20_26, 50, 20, ii, 0, rz, t, 398151, tei, 6, 622002
50_20_26, 50, 20, ii, 0, rz, e, 398151, tei, 157, 616423
50_20_26, 50, 20, ii, 0, rz, i, 398151, tei, 669, 607166
50_20_26, 50, 20, ii, 1, random, t, 398151, tei, 49, 799856
50_20_26, 50, 20, ii, 1, random, e, 398151, tei, 1314, 629984
50_20_26, 50, 20, ii, 1, random, i, 398151, tei, 4099, 617206
50_20_26, 50, 20, ii, 1, rz, t, 398151, tei, 13, 621958
50_20_26, 50, 20, ii, 1, rz, e, 398151, tei, 291, 609695
50_20_26, 50, 20, ii, 1, rz, i, 398151, tei, 2076, 608333
50_20_27, 50, 20, ii, 0, random, t, 368016, tei, 27, 793194
50_20_27, 50, 20, ii, 0, random, e, 368016, tei, 5478, 572645
50_20_27, 50, 20, ii, 0, random, i, 368016, tei, 16014, 568824
50_20_27, 50, 20, ii, 0, rz, t, 368016, tei, 8, 581282
50_20_27, 50, 20, ii, 0, rz, e, 368016, tei, 405, 579455
50_20_27, 50, 20, ii, 0, rz, i, 368016, tei, 1173, 573626
50_20_27, 50, 20, ii, 1, random, t, 368016, tei, 45, 802072
50_20_27, 50, 20, ii, 1, random, e, 368016, tei, 1869, 575862
50_20_27, 50, 20, ii, 1, random, i, 368016, tei, 3275, 584771
50_20_27, 50, 20, ii, 1, rz, t, 368016, tei, 5, 581310
50_20_27, 50, 20, ii, 1, rz, e, 368016, tei, 327, 578075
50_20_27, 50, 20, ii, 1, rz, i, 368016, tei, 912, 575392
50_20_28, 50, 20, ii, 0, random, t, 205194, tei, 31, 768929
50_20_28, 50, 20, ii, 0, random, e, 205194, tei, 4491, 566011
50_20_28, 50, 20, ii, 0, random, i, 205194, tei, 12505, 553188
50_20_28, 50, 20, ii, 0, rz, t, 205194, tei, 3, 565683
50_20_28, 50, 20, ii, 0, rz, e, 205194, tei, 250, 565197
50_20_28, 50, 20, ii, 0, rz, i, 205194, tei, 789, 556349
50_20_28, 50, 20, ii, 1, random, t, 205194, tei, 54, 761114
50_20_28, 50, 20, ii, 1, random, e, 205194, tei, 2164, 575208
50_20_28, 50, 20, ii, 1, random, i, 205194, tei, 3801, 562264
50_20_28, 50, 20, ii, 1, rz, t, 205194, tei, 3, 565683
50_20_28, 50, 20, ii, 1, rz, e, 205194, tei, 227, 565197
50_20_28, 50, 20, ii, 1, rz, i, 205194, tei, 875, 557705
50_20_29, 50, 20, ii, 0, random, t, 51187, tei, 21, 749262
50_20_29, 50, 20, ii, 0, random, e, 51187, tei, 5207, 558563
50_20_29, 50, 20, ii, 0, random, i, 51187, tei, 15309, 560414
50_20_29, 50, 20, ii, 0, rz, t, 51187, tei, 2, 572564
50_20_29, 50, 20, ii, 0, rz, e, 51187, tei, 603, 565640
50_20_29, 50, 20, ii, 0, rz, i, 51187, tei, 2185, 553844
50_20_29, 50, 20, ii, 1, random, t, 51187, tei, 43, 752509
50_20_29, 50, 20, ii, 1, random, e, 51187, tei, 1694, 558873
50_20_29, 50, 20, ii, 1, random, i, 51187, tei, 4624, 559999
50_20_29, 50, 20, ii, 1, rz, t, 51187, tei, 1, 572564
50_20_29, 50, 20, ii, 1, rz, e, 51187, tei, 427, 561471
50_20_29, 50, 20, ii, 1, rz, i, 51187, tei, 874, 558629
50_20_30, 50, 20, ii, 0, random, t, 119761, tei, 39, 704540
50_20_30, 50, 20, ii, 0, random, e, 119761, tei, 4468, 517383
50_20_30, 50, 20, ii, 0, random, i, 119761, tei, 11917, 515404
50_20_30, 50, 20, ii, 0, rz, t, 119761, tei, 1, 528858
50_20_30, 50, 20, ii, 0, rz, e, 119761, tei, 204, 525470
50_20_30, 50, 20, ii, 0, rz, i, 119761, tei, 1350, 514125
50_20_30, 50, 20, ii, 1, random, t, 119761, tei, 67, 715896
50_20_30, 50, 20, ii, 1, random, e, 119761, tei, 1700, 532264
50_20_30, 50, 20, ii, 1, random, i, 119761, tei, 4224, 516590
50_20_30, 50, 20, ii, 1, rz, t, 119761, tei, 1, 528858
50_20_30, 50, 20, ii, 1, rz, e, 119761, tei, 331, 523260
50_20_30, 50, 20, ii, 1, rz, i, 119761, tei, 1115, 513992
